local Material = loadstring(game:HttpGet("https://raw.githubusercontent.com/Kinlei/MaterialLua/master/Module.lua"))()

local UI = Material.Load({
     Title = "Liejdhdbdnalkdbc",
     Style = 3,
     SizeX = 500,
     SizeY = 350,
     Theme = "Dark"
})

local Page = UI.New({
    Title = "Main"
})

local Page2 = UI.New({
    Title = "Esp"
})

local Page4 = UI.New({
    Title = "Teleport"
})

local Page3 = UI.New({
    Title = "Fun"
})

Page.Slider({
    Text = "WalkSpeed Value",
    Callback = function(value)
    while game:GetService("RunService").RenderStepped:wait() do
game.Players.LocalPlayer.Character.Humanoid.WalkSpeed = (value)
end
    end,
    Min = 4,
    Max = 500,
    Def = 16
})

Page.Slider({
    Text = "JumpPower Value",
    Callback = function(value)
    while game:GetService("RunService").RenderStepped:wait() do
game.Players.LocalPlayer.Character.Humanoid.JumpPower = (value)
end
    end,
    Min = 4,
    Max = 500,
    Def = 16
})

Page2.Button({
    Text = "Esp Name",
    Callback = function(value)
    local esp_settings = { 
    textsize = 8,
    colour = 255,0,255
}

local gui = Instance.new("BillboardGui")
local esp = Instance.new("TextLabel",gui) 



gui.Name = "Liejdhdbdnalkdbc";
gui.ResetOnSpawn = false
gui.AlwaysOnTop = true;
gui.LightInfluence = 0;
gui.Size = UDim2.new(1.75, 0, 1.75, 0);
esp.BackgroundColor3 = Color3.fromRGB(176,48,96);
esp.Text = ""
esp.Size = UDim2.new(0.0001, 0.00001, 0.0001, 0.00001);
esp.BorderSizePixel = 4;
esp.BorderColor3 = Color3.new(esp_settings.colour)
esp.BorderSizePixel = 0
esp.Font = "GothamSemibold"
esp.TextSize = esp_settings.textsize
esp.TextColor3 = Color3.fromRGB(esp_settings.colour) -- text colour

game:GetService("RunService").RenderStepped:Connect(function() 
    for i,v in pairs (game:GetService("Players"):GetPlayers()) do
        if v ~= game:GetService("Players").LocalPlayer and v.Character.Head:FindFirstChild("Liejdhdbdnalkdbc")==nil  then
            esp.Text = ""..v.Name..""
            gui:Clone().Parent = v.Character.Head
    end
end
end)
    end,
    Enabled = false
})

Page2.Button({
    Text = "Esp Chams",
    Callback = function(value)
        local dwEntities = game:GetService("Players")
local dwLocalPlayer = dwEntities.LocalPlayer 
local dwRunService = game:GetService("RunService")

local settings_tbl = {
    ESP_Enabled = true,
    ESP_TeamCheck = false,
    Chams = true,
    Chams_Color = Color3.fromRGB(0,0,255),
    Chams_Transparency = 0.1,
    Chams_Glow_Color = Color3.fromRGB(255,0,0)
}

function destroy_chams(char)

    for k,v in next, char:GetChildren() do 

        if v:IsA("BasePart") and v.Transparency ~= 1 then

            if v:FindFirstChild("Glow") and 
            v:FindFirstChild("Chams") then

                v.Glow:Destroy()
                v.Chams:Destroy() 

            end 

        end 

    end 

end

dwRunService.Heartbeat:Connect(function()

    if settings_tbl.ESP_Enabled then

        for k,v in next, dwEntities:GetPlayers() do 

            if v ~= dwLocalPlayer then

                if v.Character and
                v.Character:FindFirstChild("HumanoidRootPart") and 
                v.Character:FindFirstChild("Humanoid") and 
                v.Character:FindFirstChild("Humanoid").Health ~= 0 then

                    if settings_tbl.ESP_TeamCheck == false then

                        local char = v.Character 

                        for k,b in next, char:GetChildren() do 

                            if b:IsA("BasePart") and 
                            b.Transparency ~= 1 then
                                
                                if settings_tbl.Chams then

                                    if not b:FindFirstChild("Glow") and
                                    not b:FindFirstChild("Chams") then

                                        local chams_box = Instance.new("BoxHandleAdornment", b)
                                        chams_box.Name = "Chams"
                                        chams_box.AlwaysOnTop = true 
                                        chams_box.ZIndex = 4 
                                        chams_box.Adornee = b 
                                        chams_box.Color3 = settings_tbl.Chams_Color
                                        chams_box.Transparency = settings_tbl.Chams_Transparency
                                        chams_box.Size = b.Size + Vector3.new(0.02, 0.02, 0.02)

                                        local glow_box = Instance.new("BoxHandleAdornment", b)
                                        glow_box.Name = "Glow"
                                        glow_box.AlwaysOnTop = false 
                                        glow_box.ZIndex = 3 
                                        glow_box.Adornee = b 
                                        glow_box.Color3 = settings_tbl.Chams_Glow_Color
                                        glow_box.Size = chams_box.Size + Vector3.new(0.13, 0.13, 0.13)

                                    end

                                else

                                    destroy_chams(char)

                                end
                            
                            end

                        end

                    else

                        if v.Team == dwLocalPlayer.Team then
                            destroy_chams(v.Character)
                        end

                    end

                else

                    destroy_chams(v.Character)

                end

            end

        end

    else 

        for k,v in next, dwEntities:GetPlayers() do 

            if v ~= dwLocalPlayer and 
            v.Character and 
            v.Character:FindFirstChild("HumanoidRootPart") and 
            v.Character:FindFirstChild("Humanoid") and 
            v.Character:FindFirstChild("Humanoid").Health ~= 0 then
                
                destroy_chams(v.Character)

            end

        end

    end

end)
    end,
    Enabled = false
})

Page4.Button({
    Text = "Teleport To Arcade",
    Callback = function(value)
    local teleport_table = {
    location1 = Vector3.new(-129.893127, 829.008301, -27.2887344, -0.998758435, 3.98423907e-08, -0.0498156697, 3.9098623e-08, 1, 1.59048668e-08, 0.0498156697, 1.39373952e-08, -0.998758435), -- your desired position
    location2 = Vector3.new(-129.893127, 829.008301, -27.2887344, -0.998758435, 3.98423907e-08, -0.0498156697, 3.9098623e-08, 1, 1.59048668e-08, 0.0498156697, 1.39373952e-08, -0.998758435)  -- your desired position
}

local tween_s = game:GetService('TweenService')
local tweeninfo = TweenInfo.new(1,Enum.EasingStyle.Linear)

local lp = game.Players.LocalPlayer

function bypass_teleport(v)
    if lp.Character and 
    lp.Character:FindFirstChild('HumanoidRootPart') then
        local cf = CFrame.new(v)
        local a = tween_s:Create(lp.Character.HumanoidRootPart,tweeninfo,{CFrame=cf})
        a:Play()
        -- a.Completed:Wait()
        -- print('Teleporting Done!')
    end
end

bypass_teleport(teleport_table.location1)
    end
})

Page3.Dropdown({
    Text = "Auto Drop Items",
    Callback = function(value)
        
for i,v in pairs(game.Players.LocalPlayer.Backpack:GetChildren()) do
    local ohInstance2 = v
  
    if v.Name == value or v.Name == value or v.Name == value  or v.Name == value  or v.Name == value  or v.Name == value or v.Name == value  or v.Name == value or v.Name == value or v.Name == value or v.Name == value then
      game.Players.LocalPlayer.Character.RemoteEvent:FireServer("DropItem", ohInstance2)
      wait(2)
    end
end
    end,
    Options = {"Rokakaka", "Mysterious Arrow", "Rib Cage of The Saint's Corpse", "Diamond", "Ancient Scroll", "Quinton's Glove",  "Stone Mask","Pure Rokakaka", "Zepellin's Headband", "Steel Ball", "Gold Coin"}
})

Page3.Button({
    Text = "Hop Server",
    Callback = function(Value)
        local PlaceID = 2809202155

game:GetService("TeleportService"):Teleport(PlaceID, game.Players.LocalPlayer)
    end,
    Enabled = false
})

Page4.Button({
    Text = "Teleport To Pizzeria",
    Callback = function(value)
    local teleport_table = {
    location1 = Vector3.new(329.371765, 829.44696, 49.3471909, 0.989085615, -2.66596913e-08, -0.147342101, 2.66842868e-08, 1, -1.8097237e-09, 0.147342101, -2.141747e-09, 0.989085615), -- your desired position
    location2 = Vector3.new(329.371765, 829.44696, 49.3471909, 0.989085615, -2.66596913e-08, -0.147342101, 2.66842868e-08, 1, -1.8097237e-09, 0.147342101, -2.141747e-09, 0.989085615)  -- your desired position
}

local tween_s = game:GetService('TweenService')
local tweeninfo = TweenInfo.new(1,Enum.EasingStyle.Linear)

local lp = game.Players.LocalPlayer

function bypass_teleport(v)
    if lp.Character and 
    lp.Character:FindFirstChild('HumanoidRootPart') then
        local cf = CFrame.new(v)
        local a = tween_s:Create(lp.Character.HumanoidRootPart,tweeninfo,{CFrame=cf})
        a:Play()
        -- a.Completed:Wait()
        -- print('Teleporting Done!')
    end
end

bypass_teleport(teleport_table.location1)
    end
})

Page4.Button({
    Text = "Teleport To Cafe Boss",
    Callback = function(value)
    local teleport_table = {
    location1 = Vector3.new(-134.845032, 827.389709, 385.586792, 0.996173084, 1.17614441e-07, -0.087402381, -1.14932476e-07, 1, 3.57175587e-08, 0.087402381, -2.55354973e-08, 0.996173084), -- your desired position
    location2 = Vector3.new(-134.845032, 827.389709, 385.586792, 0.996173084, 1.17614441e-07, -0.087402381, -1.14932476e-07, 1, 3.57175587e-08, 0.087402381, -2.55354973e-08, 0.996173084)  -- your desired position
}

local tween_s = game:GetService('TweenService')
local tweeninfo = TweenInfo.new(1,Enum.EasingStyle.Linear)

local lp = game.Players.LocalPlayer

function bypass_teleport(v)
    if lp.Character and 
    lp.Character:FindFirstChild('HumanoidRootPart') then
        local cf = CFrame.new(v)
        local a = tween_s:Create(lp.Character.HumanoidRootPart,tweeninfo,{CFrame=cf})
        a:Play()
        -- a.Completed:Wait()
        -- print('Teleporting Done!')
    end
end

bypass_teleport(teleport_table.location1)
    end
})

Page4.Button({
    Text = "Teleport To Metro",
    Callback = function(value)
    local teleport_table = {
    location1 = Vector3.new(530.083679, 803.010315, -242.625015, -0.0238540117, -0, -0.999715388, -0, 0.99999994, -0, 0.999715507, 0, -0.0238540079), -- your desired position
    location2 = Vector3.new(530.083679, 803.010315, -242.625015, -0.0238540117, -0, -0.999715388, -0, 0.99999994, -0, 0.999715507, 0, -0.0238540079)  -- your desired position
}

local tween_s = game:GetService('TweenService')
local tweeninfo = TweenInfo.new(1,Enum.EasingStyle.Linear)

local lp = game.Players.LocalPlayer

function bypass_teleport(v)
    if lp.Character and 
    lp.Character:FindFirstChild('HumanoidRootPart') then
        local cf = CFrame.new(v)
        local a = tween_s:Create(lp.Character.HumanoidRootPart,tweeninfo,{CFrame=cf})
        a:Play()
        -- a.Completed:Wait()
        -- print('Teleporting Done!')
    end
end

bypass_teleport(teleport_table.location1)
    end
})

Page4.Button({
    Text = "Teleport To Deo(Over heaven)",
    Callback = function(value)
    local teleport_table = {
    location1 = Vector3.new(165.759689, 890.611084, -208.090897, 0.696147799, 3.89995414e-08, 0.717898488, -4.37496652e-08, 1, -1.1900438e-08, -0.717898488, -2.31233557e-08, 0.696147799), -- your desired position
    location2 = Vector3.new(165.759689, 890.611084, -208.090897, 0.696147799, 3.89995414e-08, 0.717898488, -4.37496652e-08, 1, -1.1900438e-08, -0.717898488, -2.31233557e-08, 0.696147799)  -- your desired position
}

local tween_s = game:GetService('TweenService')
local tweeninfo = TweenInfo.new(1,Enum.EasingStyle.Linear)

local lp = game.Players.LocalPlayer

function bypass_teleport(v)
    if lp.Character and 
    lp.Character:FindFirstChild('HumanoidRootPart') then
        local cf = CFrame.new(v)
        local a = tween_s:Create(lp.Character.HumanoidRootPart,tweeninfo,{CFrame=cf})
        a:Play()
        -- a.Completed:Wait()
        -- print('Teleporting Done!')
    end
end

bypass_teleport(teleport_table.location1)
    end
})

Page.Button({
    Text = "Anti Lagg",
    Callback = function(value)
    repeat wait() until game:IsLoaded() 
settings().Rendering.QualityLevel = "Level01"
local Terrain = game:GetService("Workspace").Terrain
local set = sethiddenproperty 
set(Terrain,"Decoration",false)
set(game:GetService("Lighting"),"Technology",2)
Terrain.WaterTransparency = 0
game:GetService("Lighting").GlobalShadows = false 
for i ,v in pairs(game:GetService("Lighting"):GetChildren()) do 
    if v:IsA("BlurEffect") or v:IsA("BloomEffect") or v:IsA("SunRaysEffect") and v.Name ~= "" then 
        v.Enabled = false 
    elseif v.Name == "Halloween Sky" then 
        v:Destroy()
    end 
end 
    end
})








